AudioFile,被調査者番号,出生地,直前地,生育地,本籍地,父親の出身地,母親の出身地,配偶者出身地,年齢,性,調査員,startIndex,endIndex
91_001K.wav,001,1,2,1,1,1,2,5,48,2,2,0,82
91_002K.wav,002,1,1,1,1,2,1,1,53,1,1,83,196
91_003K.wav,003,2,2,2,1,2,2,1,65,2,1,197,273
91_005K.wav,005,1,1,1,1,1,1,1,69,2,5,274,348
91_006K.wav,006,2,2,2,2,2,2,2,51,2,1,349,441
91_007K.wav,007,3,4,3,1,3,3,1,68,2,1,442,534
91_008K.wav,008,1,1,1,1,1,1,1,51,2,24,535,618
91_009K.wav,009,1,1,1,1,2,1,2,44,1,19,619,704
91_010K.wav,010,1,3,1,1,3,3,2,49,2,1,705,817
91_011K.wav,011,1,4,1,1,2,2,5,29,2,15,818,918
91_012K.wav,012,1,1,1,1,1,1,5,37,1,4,919,1011
91_013K.wav,013,1,4,1,1,1,1,2,31,1,4,1012,1095
91_014K.wav,014,4,4,4,1,4,4,1,68,2,4,1096,1197
91_015K.wav,015,1,3,1,1,1,1,1,35,1,4,1198,1281
91_018K.wav,018,1,1,1,1,4,1,1,56,1,4,1282,1383
91_019K.wav,019,2,4,2,1,2,2,1,64,2,4,1384,1510
91_020K.wav,020,1,4,1,1,1,1,1,38,1,3,1511,1591
91_021K.wav,021,1,3,1,1,1,1,1,48,1,3,1592,1691
91_023K.wav,023,1,1,1,1,2,1,1,36,2,3,1692,1774
91_025K.wav,025,2,2,2,2,2,2,1,56,1,3,1775,1858
91_026K.wav,026,3,3,3,3,3,3,5,27,1,3,1859,1949
91_027K.wav,027,4,4,1,1,1,1,1,48,1,3,1950,1996
91_028K.wav,028,2,2,2,1,2,2,1,61,1,3,1997,2077
91_030K.wav,030,1,1,1,1,4,1,5,18,1,1,2078,2162
91_031K.wav,031,4,4,4,1,4,4,3,39,1,12,2163,2248
91_032K.wav,032,3,4,4,1,3,3,1,61,2,19,2249,2328
91_034K.wav,034,1,1,1,1,1,1,2,63,2,1,2329,2430
91_035K.wav,035,3,3,3,1,3,3,1,38,1,1,2431,2592
91_036K.wav,036,2,2,2,1,2,2,2,57,2,2,2593,2674
91_039K.wav,039,1,1,1,1,1,1,5,42,1,1,2675,2813
91_040K.wav,040,2,2,1,2,2,4,5,21,2,2,2814,2900
91_041K.wav,041,3,3,3,3,3,3,1,60,2,2,2901,2992
91_042K.wav,042,1,1,1,1,1,1,5,24,1,1,2993,3081
91_044K.wav,044,1,3,1,1,3,1,5,29,1,2,3082,3163
91_046K.wav,046,1,1,1,1,1,1,1,59,2,3,3164,3249
91_047K.wav,047,1,1,1,1,1,1,5,41,1,3,3250,3336
91_048K.wav,048,2,2,2,2,2,2,2,56,1,3,3337,3458
91_050K.wav,050,1,1,1,1,1,2,1,54,1,3,3459,3555
91_052K.wav,052,1,4,1,1,2,1,2,61,1,1,3556,3652
91_053K.wav,053,1,1,1,1,2,1,1,33,1,4,3653,3755
91_054K.wav,054,2,2,2,1,2,2,1,66,1,4,3756,3847
91_055K.wav,055,2,2,2,1,2,2,2,69,1,4,3848,3968
91_056K.wav,056,3,3,3,1,3,4,1,66,2,4,3969,4073
91_057K.wav,057,1,1,1,1,2,2,5,16,1,4,4074,4165
91_058K.wav,058,2,2,2,1,2,2,2,56,2,4,4166,4269
91_059K.wav,059,2,4,2,2,2,2,5,38,1,4,4270,4353
91_060K.wav,060,1,1,1,1,1,1,5,15,1,4,4354,4438
91_061K.wav,061,4,2,2,2,4,2,2,29,2,4,4439,4544
91_062K.wav,062,1,1,1,1,1,1,2,46,1,4,4545,4653
91_063K.wav,063,2,2,2,1,2,2,2,31,2,8,4654,4739
91_064K.wav,064,1,4,1,1,1,1,1,69,2,4,4740,4847
91_065K.wav,065,2,2,2,1,2,2,2,57,2,4,4848,5037
91_067K.wav,067,1,3,1,1,1,4,3,30,2,4,5038,5125
91_068K.wav,068,1,1,1,1,4,2,5,17,2,4,5126,5229
91_069K.wav,069,1,1,1,1,3,2,5,18,1,1,5230,5314
91_070K.wav,070,2,3,1,2,2,2,5,17,2,4,5315,5398
91_071K.wav,071,3,3,3,3,3,3,3,33,2,1,5399,5480
91_072K.wav,072,1,4,1,1,1,1,1,39,2,4,5481,5576
91_073K.wav,073,1,1,1,1,2,1,1,36,2,4,5577,5678
91_074K.wav,074,1,4,1,1,2,2,5,26,1,3,5679,5764
91_075K.wav,075,2,2,2,1,2,2,2,52,1,3,5765,5856
91_076K.wav,076,2,2,2,1,2,2,1,37,1,3,5857,5942
91_077K.wav,077,1,1,1,1,3,1,5,16,1,3,5943,6017
91_078K.wav,078,1,4,2,1,1,2,5,37,1,3,6018,6102
91_079K.wav,079,1,1,1,1,1,2,1,33,1,3,6103,6224
91_080K.wav,080,2,4,2,1,1,2,5,33,2,3,6225,6313
91_081K.wav,081,1,4,1,1,2,1,1,38,2,3,6314,6393
91_082K.wav,082,1,4,1,1,1,1,4,44,1,3,6394,6481
91_083K.wav,083,1,2,1,1,1,2,2,42,2,3,6482,6565
91_084K.wav,084,1,4,1,1,1,1,5,37,1,3,6566,6646
91_085K.wav,085,2,2,2,1,2,2,2,33,1,3,6647,6735
91_086K.wav,086,1,1,1,1,1,1,2,56,1,15,6736,6882
91_087K.wav,087,1,2,1,1,1,2,2,38,2,2,6883,6968
91_088K.wav,088,1,1,1,1,1,1,1,44,1,8,6969,7063
91_089K.wav,089,1,1,1,1,1,2,1,42,2,2,7064,7148
91_090K.wav,090,3,4,1,1,3,3,1,43,1,2,7149,7242
91_091K.wav,091,1,4,1,1,1,1,1,39,1,15,7243,7346
91_092K.wav,092,2,2,2,1,2,2,1,55,1,2,7347,7426
91_093K.wav,093,1,1,1,1,1,2,1,39,1,2,7427,7506
91_094K.wav,094,1,1,1,1,1,1,1,63,1,2,7507,7635
91_095K.wav,095,1,1,3,1,1,1,1,67,1,2,7636,7709
91_097K.wav,097,1,1,1,1,1,1,1,34,2,2,7710,7793
91_098K.wav,098,1,1,1,2,1,1,2,36,2,2,7794,7893
91_099K.wav,099,1,4,1,1,1,2,1,31,2,2,7894,7999
91_100K.wav,100,2,2,2,1,2,2,2,44,2,2,8000,8101
91_104K.wav,104,1,1,1,1,1,2,5,16,2,6,8102,8181
91_106K.wav,106,1,4,1,1,1,2,3,48,1,5,8182,8264
91_107K.wav,107,4,4,2,1,2,2,1,51,2,6,8265,8352
91_108K.wav,108,1,4,1,1,1,1,2,35,1,5,8353,8437
91_109K.wav,109,1,1,1,1,1,1,1,53,1,18,8438,8540
91_110K.wav,110,1,1,1,1,1,1,1,52,2,5,8541,8635
91_112K.wav,112,3,4,3,1,3,3,1,50,2,6,8636,8727
91_113K.wav,113,2,4,2,1,2,2,1,61,1,5,8728,8813
91_114K.wav,114,3,4,3,3,3,3,1,66,2,7,8814,8924
91_115K.wav,115,1,1,1,1,2,2,1,56,2,7,8925,9010
91_116K.wav,116,2,2,2,1,2,2,5,48,2,7,9011,9098
91_117K.wav,117,1,1,1,1,1,1,5,20,1,15,9099,9242
91_118K.wav,118,1,4,1,1,1,2,2,36,1,7,9243,9327
91_120K.wav,120,1,1,1,2,1,2,2,43,2,7,9328,9421
91_122K.wav,122,3,4,3,1,3,2,1,61,1,7,9422,9505
91_124K.wav,124,4,4,1,1,1,1,1,59,1,1,9506,9593
91_125K.wav,125,2,2,2,1,2,2,5,41,1,7,9594,9680
91_126K.wav,126,1,1,1,1,2,1,1,61,2,7,9681,9774
91_129K.wav,129,1,1,1,1,2,1,2,65,2,5,9775,9866
91_131K.wav,131,1,1,1,1,1,1,1,57,2,15,9867,9977
91_132K.wav,132,2,2,1,1,1,1,2,39,2,6,9978,10087
91_133K.wav,133,4,4,1,1,1,1,5,55,1,12,10088,10204
91_136K.wav,136,1,4,1,1,1,2,5,21,2,1,10205,10287
91_137K.wav,137,2,2,2,1,2,2,1,31,2,6,10288,10365
91_138K.wav,138,3,3,2,1,2,2,3,51,2,7,10366,10470
91_139K.wav,139,1,1,1,1,1,2,5,25,2,6,10471,10548
91_140K.wav,140,1,1,1,1,1,1,1,33,2,5,10549,10641
91_142K.wav,142,1,3,1,1,1,2,2,36,1,15,10642,10768
91_143K.wav,143,3,3,3,3,4,3,3,27,2,26,10769,10865
91_144K.wav,144,1,4,1,1,1,1,5,19,1,7,10866,10952
91_145K.wav,145,2,4,2,1,2,1,2,35,1,7,10953,11049
91_147K.wav,147,4,4,1,1,1,2,5,15,2,6,11050,11127
91_150K.wav,150,4,3,3,3,3,3,3,31,2,6,11128,11209
91_151K.wav,151,4,4,4,1,4,4,1,42,2,6,11210,11288
91_152K.wav,152,1,1,1,1,1,1,1,42,1,6,11289,11381
91_154K.wav,154,1,4,1,1,1,1,2,38,1,6,11382,11462
91_155K.wav,155,2,2,2,1,2,2,2,38,2,6,11463,11544
91_156K.wav,156,1,1,1,1,1,2,5,18,1,6,11545,11620
91_158K.wav,158,4,4,1,1,1,1,4,48,2,6,11621,11730
91_159K.wav,159,4,4,1,1,2,2,5,26,2,6,11731,11811
91_161K.wav,161,1,1,1,1,2,2,2,26,1,6,11812,11893
91_162K.wav,162,1,1,1,1,1,1,1,64,2,6,11894,11978
91_163K.wav,163,1,1,1,1,1,1,4,43,2,6,11979,12074
91_164K.wav,164,1,1,1,1,1,1,2,60,2,8,12075,12165
91_165K.wav,165,2,2,2,2,2,2,3,54,2,1,12166,12254
91_166K.wav,166,1,2,1,1,1,1,1,62,2,8,12255,12366
91_169K.wav,169,1,4,1,1,1,1,4,42,2,9,12367,12469
91_170K.wav,170,2,2,2,1,1,2,1,26,2,9,12470,12573
91_171K.wav,171,2,4,4,1,1,2,4,46,1,9,12574,12672
91_172K.wav,172,1,1,1,1,1,1,4,15,1,9,12673,12779
91_173K.wav,173,2,2,2,1,2,2,1,62,2,9,12780,12911
91_174K.wav,174,2,2,1,1,2,1,2,33,2,9,12912,13013
91_175K.wav,175,1,2,1,1,1,3,2,36,1,9,13014,13116
91_177K.wav,177,1,4,1,1,1,1,1,28,1,9,13117,13214
91_178K.wav,178,1,1,1,1,2,1,1,27,2,26,13215,13316
91_181K.wav,181,1,1,1,1,1,1,4,15,2,9,13317,13421
91_182K.wav,182,1,2,1,1,1,1,1,63,2,11,13422,13526
91_183K.wav,183,1,1,1,1,1,1,4,18,1,11,13527,13612
91_184K.wav,184,1,1,1,1,2,2,4,20,2,11,13613,13695
91_185K.wav,185,1,4,1,1,1,1,2,51,1,11,13696,13798
91_186K.wav,186,1,4,1,1,1,2,3,50,1,11,13799,13894
91_187K.wav,187,1,1,1,1,2,1,2,53,2,11,13895,13982
91_189K.wav,189,1,4,1,1,2,1,1,66,1,11,13983,14062
91_190K.wav,190,1,1,1,1,3,1,1,55,1,11,14063,14171
91_191K.wav,191,1,1,1,1,1,2,4,16,1,11,14172,14253
91_192K.wav,192,1,1,1,1,1,1,1,60,1,10,14254,14376
91_193K.wav,193,4,4,4,1,2,2,2,57,2,10,14377,14513
91_194K.wav,194,3,3,3,1,3,3,5,37,2,5,14514,14605
91_195K.wav,195,3,4,3,1,1,1,4,16,1,10,14606,14702
91_196K.wav,196,1,1,1,1,1,2,2,61,2,10,14703,14868
91_197K.wav,197,1,4,1,1,1,2,2,39,1,15,14869,15003
91_199K.wav,199,4,4,4,1,4,2,2,52,1,10,15004,15096
91_200K.wav,200,3,4,3,1,4,4,1,42,2,10,15097,15232
91_201K.wav,201,1,1,1,1,2,2,1,55,1,12,15233,15317
91_202K.wav,202,1,3,1,1,1,1,2,68,1,10,15318,15433
91_203K.wav,203,1,4,1,1,1,4,5,40,2,12,15434,15512
91_204K.wav,204,1,4,1,1,1,2,1,43,2,12,15513,15595
91_205K.wav,205,4,4,4,4,4,4,4,35,1,8,15596,15696
91_206K.wav,206,1,1,1,1,2,2,2,42,1,15,15697,15806
91_207K.wav,207,1,3,1,1,1,1,4,19,2,8,15807,15913
91_208K.wav,208,3,3,3,3,3,3,5,20,1,8,15914,16018
91_209K.wav,209,1,4,1,1,1,1,1,63,1,8,16019,16110
91_210K.wav,210,1,4,1,1,1,1,2,54,1,8,16111,16215
91_211K.wav,211,3,3,3,1,3,3,1,45,1,8,16216,16304
91_213K.wav,213,1,4,1,1,1,1,5,32,1,8,16305,16380
91_214K.wav,214,3,4,3,3,4,3,5,20,1,11,16381,16467
91_215K.wav,215,2,2,2,1,3,3,2,49,1,11,16468,16573
91_216K.wav,216,2,4,2,1,2,2,1,68,2,11,16574,16691
91_217K.wav,217,1,1,1,1,1,4,1,56,2,11,16692,16801
91_219K.wav,219,1,1,1,1,3,1,4,23,2,8,16802,16882
91_220K.wav,220,1,1,1,1,1,2,1,62,2,8,16883,16973
91_222K.wav,222,2,4,2,2,2,2,1,46,2,12,16974,17058
91_223K.wav,223,1,1,1,1,1,2,1,62,1,8,17059,17285
91_226K.wav,226,3,3,3,3,3,3,5,25,1,8,17286,17382
91_227K.wav,227,1,1,1,1,2,1,1,58,2,8,17383,17496
91_228K.wav,228,1,4,1,1,1,1,2,48,1,9,17497,17597
91_230K.wav,230,4,3,4,4,4,4,4,22,1,9,17598,17685
91_231K.wav,231,4,3,4,4,4,3,5,24,1,26,17686,17774
91_232K.wav,232,1,1,1,1,1,2,1,26,1,9,17775,17883
91_233K.wav,233,2,2,2,2,2,2,2,67,1,9,17884,18018
91_234K.wav,234,2,2,2,1,2,2,2,37,2,9,18019,18127
91_235K.wav,235,1,1,1,1,1,2,4,16,1,9,18128,18228
91_236K.wav,236,1,1,1,1,1,1,2,44,1,9,18229,18339
91_238K.wav,238,4,4,4,1,4,4,1,64,1,9,18340,18470
91_239K.wav,239,1,1,1,1,1,1,4,23,2,9,18471,18596
91_240K.wav,240,1,1,1,1,1,2,1,56,1,9,18597,18798
91_241K.wav,241,1,1,1,1,1,1,1,57,1,9,18799,18980
91_242K.wav,242,2,2,2,2,2,2,2,35,1,9,18981,19118
91_244K.wav,244,1,4,1,1,1,1,3,36,1,9,19119,19287
91_246K.wav,246,2,4,2,1,2,2,2,36,2,9,19288,19446
91_248K.wav,248,2,2,2,2,2,2,2,63,2,9,19447,19650
91_250K.wav,250,1,1,1,1,1,2,1,38,2,15,19651,19801
91_252K.wav,252,2,2,2,1,2,2,1,66,2,15,19802,20001
91_254K.wav,254,1,1,1,1,1,2,2,52,2,17,20002,20125
91_255K.wav,255,1,1,1,1,1,1,5,16,2,15,20126,20258
91_256K.wav,256,1,3,1,1,1,2,1,40,1,11,20259,20392
91_257K.wav,257,1,4,1,1,1,4,5,40,2,15,20393,20557
91_258K.wav,258,1,1,1,1,1,1,1,68,2,15,20558,20722
91_259K.wav,259,2,4,2,1,2,2,1,67,1,15,20723,20947
91_261K.wav,261,1,1,1,1,1,1,1,69,2,12,20948,21130
91_262K.wav,262,1,1,1,1,1,1,1,44,1,1,21131,21271
91_263K.wav,263,1,1,1,1,1,1,1,45,2,15,21272,21496
91_264K.wav,264,1,2,1,1,1,1,1,69,1,15,21497,21697
91_265K.wav,265,1,1,1,1,3,1,1,64,2,15,21698,21873
91_266K.wav,266,1,1,1,1,1,1,3,36,2,15,21874,22029
91_267K.wav,267,1,1,1,1,1,1,1,59,2,15,22030,22263
91_269K.wav,269,2,4,2,2,2,2,1,60,1,14,22264,22403
91_272K.wav,272,4,4,4,2,4,4,2,43,2,13,22404,22508
91_273K.wav,273,4,4,2,1,2,2,2,52,1,14,22509,22667
91_274K.wav,274,3,3,3,3,3,3,1,41,1,14,22668,22850
91_275K.wav,275,1,1,1,1,1,2,1,62,1,14,22851,22973
91_276K.wav,276,1,2,1,1,1,1,2,36,2,24,22974,23073
91_277K.wav,277,3,3,3,3,3,3,5,19,1,14,23074,23170
91_278K.wav,278,1,1,1,1,1,1,5,18,1,14,23171,23272
91_279K.wav,279,1,4,1,1,1,1,1,50,1,24,23273,23370
91_280K.wav,280,1,1,1,1,1,1,1,41,2,14,23371,23505
91_281K.wav,281,1,1,1,1,1,2,5,18,2,14,23506,23596
91_282K.wav,282,1,1,1,1,1,3,1,44,1,13,23597,23716
91_283K.wav,283,1,4,1,1,1,1,5,29,2,13,23717,23805
91_284K.wav,284,3,3,3,3,3,3,5,50,2,13,23806,23929
91_285K.wav,285,3,3,3,1,1,1,5,16,2,13,23930,24029
91_286K.wav,286,3,3,3,1,1,1,1,54,2,13,24030,24160
91_288K.wav,288,2,2,2,1,2,2,2,40,2,13,24161,24261
91_289K.wav,289,1,1,1,1,1,1,2,57,2,13,24262,24371
91_290K.wav,290,1,1,1,1,1,2,1,34,1,13,24372,24464
91_291K.wav,291,1,1,1,1,1,1,1,54,2,13,24465,24599
91_292K.wav,292,2,2,1,1,2,2,5,30,1,25,24600,24729
91_293K.wav,293,2,2,1,1,2,2,2,52,2,13,24730,24870
91_294K.wav,294,1,3,1,1,1,2,3,41,2,13,24871,24971
91_295K.wav,295,1,3,1,1,1,1,1,56,2,13,24972,25117
91_298K.wav,298,4,2,2,1,2,2,3,56,1,13,25118,25226
91_299K.wav,299,2,2,2,2,2,2,2,50,1,13,25227,25342
91_300K.wav,300,1,1,1,1,1,1,1,58,2,13,25343,25493
91_301K.wav,301,1,1,1,1,1,1,1,63,1,13,25494,25611
91_302K.wav,302,2,2,2,2,2,2,2,56,2,13,25612,25736
91_303K.wav,303,1,1,1,1,1,1,5,18,2,13,25737,25823
91_304K.wav,304,3,4,3,4,4,4,5,22,1,12,25824,25918
91_305K.wav,305,1,1,1,1,1,1,1,39,2,10,25919,26041
91_306K.wav,306,1,1,1,1,1,1,4,19,2,10,26042,26246
91_308K.wav,308,1,1,1,1,1,2,1,47,2,13,26247,26376
91_309K.wav,309,3,3,3,1,2,2,1,46,2,13,26377,26484
91_310K.wav,310,2,2,2,1,2,2,1,41,2,13,26485,26625
91_311K.wav,311,2,2,2,1,2,2,2,35,1,13,26626,26725
91_312K.wav,312,2,4,2,1,2,2,2,44,1,12,26726,26844
91_314K.wav,314,2,2,2,2,2,2,5,16,2,21,26845,26940
91_315K.wav,315,1,3,1,1,2,2,2,53,1,1,26941,27085
91_316K.wav,316,1,1,1,1,2,1,1,68,2,1,27086,27231
91_317K.wav,317,1,1,1,1,1,1,1,27,1,25,27232,27329
91_318K.wav,318,1,4,1,1,1,1,1,45,2,25,27330,27555
91_321K.wav,321,2,2,2,1,2,2,1,37,2,1,27556,27694
91_322K.wav,322,2,2,2,2,2,2,2,60,1,14,27695,27822
91_323K.wav,323,1,1,1,1,4,1,5,29,2,13,27823,27921
91_324K.wav,324,4,2,4,4,4,4,2,34,2,14,27922,28018
91_327K.wav,327,1,3,1,1,2,2,2,58,1,14,28019,28116
91_328K.wav,328,1,4,1,1,2,2,1,52,1,5,28117,28231
91_329K.wav,329,1,1,1,1,4,2,1,39,2,13,28232,28340
91_330K.wav,330,1,1,1,1,2,1,1,59,1,14,28341,28550
91_332K.wav,332,2,4,2,1,1,1,5,29,2,12,28551,28653
91_333K.wav,333,1,1,1,1,3,2,1,34,2,12,28654,28752
91_335K.wav,335,1,1,1,1,1,1,5,22,2,19,28753,28848
91_336K.wav,336,2,4,2,1,2,2,2,45,1,19,28849,29053
91_339K.wav,339,4,3,4,4,4,4,5,23,1,19,29054,29145
91_343K.wav,343,1,3,1,3,4,1,3,32,2,19,29146,29281
91_344K.wav,344,1,4,1,1,1,1,5,40,2,19,29282,29393
91_345K.wav,345,1,1,1,1,1,1,5,22,2,19,29394,29494
91_346K.wav,346,1,1,1,1,1,1,1,58,2,19,29495,29616
91_347K.wav,347,4,4,4,4,4,4,3,64,1,19,29617,29792
91_348K.wav,348,4,3,4,4,4,4,4,32,2,19,29793,29951
91_349K.wav,349,1,4,1,1,1,2,2,67,1,19,29952,30075
91_350K.wav,350,1,4,1,1,1,1,5,21,1,19,30076,30184
91_351K.wav,351,1,1,1,1,1,1,2,65,2,17,30185,30316
91_353K.wav,353,1,1,1,1,1,2,5,19,1,17,30317,30429
91_354K.wav,354,1,1,1,1,1,3,5,24,2,17,30430,30551
91_355K.wav,355,1,4,1,1,1,2,5,28,1,17,30552,30642
91_356K.wav,356,3,3,3,3,3,4,5,18,2,17,30643,30660
91_357K.wav,357,3,3,3,1,3,3,3,58,2,17,30661,30750
91_358K.wav,358,2,4,1,1,2,2,2,47,1,17,30751,30790
91_359K.wav,359,4,4,1,1,1,4,5,15,2,19,30791,30899
91_362K.wav,362,3,3,3,4,3,3,5,17,1,19,30900,31003
91_363K.wav,363,1,4,1,1,2,1,4,36,2,19,31004,31148
91_365K.wav,365,1,1,1,1,1,1,4,47,2,18,31149,31349
91_366K.wav,366,4,3,1,4,3,3,4,55,2,17,31350,31450
91_367K.wav,367,3,3,3,1,3,3,1,57,2,17,31451,31572
91_368K.wav,368,1,1,1,4,3,2,5,18,2,17,31573,31662
91_369K.wav,369,2,2,1,2,2,1,5,15,2,17,31663,31747
91_371K.wav,371,4,4,4,2,4,4,5,64,2,17,31748,31842
91_373K.wav,373,1,1,1,1,1,1,1,30,2,17,31843,31943
91_374K.wav,374,2,2,1,2,1,2,1,43,1,17,31944,32052
91_375K.wav,375,1,4,1,1,1,1,5,19,1,15,32053,32231
91_376K.wav,376,2,3,2,1,2,2,1,40,2,1,32232,32358
91_377K.wav,377,1,4,1,1,2,3,1,39,2,17,32359,32478
91_378K.wav,378,2,2,2,1,2,2,4,69,2,17,32479,32598
91_379K.wav,379,1,1,1,1,1,1,5,15,1,17,32599,32684
91_380K.wav,380,1,4,1,1,1,1,4,62,2,21,32685,32808
91_382K.wav,382,2,2,2,1,2,2,3,54,2,21,32809,32982
91_383K.wav,383,2,2,2,1,2,2,1,60,2,21,32983,33148
91_384K.wav,384,2,2,2,1,2,2,1,62,1,21,33149,33298
91_385K.wav,385,1,1,1,1,1,1,5,18,2,19,33299,33398
91_386K.wav,386,4,4,1,1,3,2,5,18,2,15,33399,33569
91_387K.wav,387,1,1,1,1,1,3,2,57,1,21,33570,33692
91_388K.wav,388,1,1,1,1,1,2,1,46,2,21,33693,33823
91_389K.wav,389,1,1,1,1,1,1,1,67,2,21,33824,33956
91_390K.wav,390,4,3,4,1,3,3,1,58,2,21,33957,34081
91_391K.wav,391,1,1,1,1,2,2,1,33,2,20,34082,34172
91_392K.wav,392,1,1,1,1,1,2,5,20,1,20,34173,34273
91_393K.wav,393,1,1,1,1,1,1,1,42,2,20,34274,34382
91_394K.wav,394,1,1,1,1,1,2,2,30,1,12,34383,34489
91_396K.wav,396,1,1,1,1,1,1,2,65,2,20,34490,34617
91_397K.wav,397,4,3,4,4,4,4,5,25,1,18,34618,34727
91_398K.wav,398,3,3,1,3,3,3,5,16,1,20,34728,34820
91_399K.wav,399,1,1,1,1,1,2,1,40,2,5,34821,34926
91_401K.wav,401,3,2,3,3,3,3,3,29,2,20,34927,35039
91_402K.wav,402,4,1,4,1,4,4,1,38,2,20,35040,35127
91_403K.wav,403,1,1,1,1,1,3,1,33,1,20,35128,35225
91_404K.wav,404,1,1,1,1,1,1,5,16,1,20,35226,35317
91_405K.wav,405,2,2,2,1,2,2,1,53,2,18,35318,35488
91_407K.wav,407,4,4,1,1,1,1,5,32,2,20,35489,35580
91_409K.wav,409,2,2,2,1,2,2,2,35,2,21,35581,35690
91_410K.wav,410,3,3,3,3,3,3,3,30,1,21,35691,35810
91_411K.wav,411,4,4,4,4,4,4,4,35,1,21,35811,35949
91_412K.wav,412,4,4,4,1,4,4,1,25,2,26,35950,36094
91_414K.wav,414,2,2,2,1,2,2,1,44,2,21,36095,36206
91_416K.wav,416,1,4,1,1,1,1,1,59,2,21,36207,36333
91_417K.wav,417,1,1,1,1,2,2,1,40,2,21,36334,36455
91_418K.wav,418,1,4,1,1,1,1,2,32,2,21,36456,36580
91_419K.wav,419,2,4,2,1,2,2,1,28,2,21,36581,36679
91_420K.wav,420,1,1,1,1,1,1,1,29,2,20,36680,36779
91_421K.wav,421,1,1,1,1,1,2,2,47,1,8,36780,36919
91_422K.wav,422,2,2,2,1,2,2,1,64,1,23,36920,37103
91_423K.wav,423,1,4,1,1,2,2,1,34,2,23,37104,37213
91_424K.wav,424,1,3,1,1,3,2,3,51,2,23,37214,37329
91_426K.wav,426,1,1,1,1,2,1,1,39,2,23,37330,37443
91_427K.wav,427,4,3,2,1,1,1,1,66,2,23,37444,37549
91_429K.wav,429,1,1,1,1,1,1,1,43,2,23,37550,37645
91_430K.wav,430,1,1,1,1,1,1,4,42,1,5,37646,37798
91_431K.wav,431,4,4,4,1,4,4,4,57,1,23,37799,37907
91_433K.wav,433,2,2,2,1,2,2,1,69,1,23,37908,38034
91_434K.wav,434,1,1,1,1,3,1,1,52,2,23,38035,38151
91_435K.wav,435,1,4,1,1,1,1,1,33,1,23,38152,38268
91_436K.wav,436,1,4,1,1,1,1,4,55,2,23,38269,38409
91_437K.wav,437,1,1,1,1,1,1,1,32,2,23,38410,38515
91_439K.wav,439,2,2,2,1,2,2,2,57,2,23,38516,38657
91_440K.wav,440,1,4,1,1,1,1,5,23,2,23,38658,38769
91_441K.wav,441,1,3,1,1,1,1,1,43,2,23,38770,38882
91_442K.wav,442,1,3,1,1,1,1,5,28,1,23,38883,38993
91_444K.wav,444,1,4,1,4,1,1,4,40,1,24,38994,39093
91_445K.wav,445,4,4,1,1,1,1,1,49,2,24,39094,39247
91_446K.wav,446,1,4,1,1,1,1,1,53,2,24,39248,39341
91_447K.wav,447,2,4,2,3,3,2,4,30,2,8,39342,39456
91_448K.wav,448,1,1,1,1,2,1,5,16,1,24,39457,39558
91_449K.wav,449,3,4,3,1,4,4,2,38,1,24,39559,39650
91_450K.wav,450,1,1,1,1,1,2,2,61,1,24,39651,39744
91_453K.wav,453,1,1,1,1,1,1,1,40,1,24,39745,39908
91_454K.wav,454,1,4,1,1,1,3,5,21,2,24,39909,40028
91_455K.wav,455,2,4,2,1,2,1,1,66,1,24,40029,40183
91_456K.wav,456,3,3,1,1,3,2,4,51,2,24,40184,40303
91_457K.wav,457,1,1,1,1,2,1,1,68,1,24,40304,40421
91_460K.wav,460,2,2,2,1,2,2,2,50,1,22,40422,40598
91_461K.wav,461,2,2,2,1,2,2,2,43,2,8,40599,40708
91_462K.wav,462,1,1,1,1,1,1,5,30,1,22,40709,40825
91_463K.wav,463,2,2,2,1,1,2,1,39,2,22,40826,40958
91_464K.wav,464,1,3,1,1,1,2,1,61,2,22,40959,41099
91_466K.wav,466,4,4,1,4,4,4,5,17,2,12,41100,41197
91_467K.wav,467,1,1,1,1,1,1,5,17,1,22,41198,41299
91_468K.wav,468,2,2,2,1,2,1,5,37,2,22,41300,41419
91_470K.wav,470,3,3,3,1,3,3,1,29,2,22,41420,41531
91_471K.wav,471,1,1,1,1,1,1,1,45,2,22,41532,41674
91_473K.wav,473,1,4,1,1,1,1,1,41,1,22,41675,41777
91_474K.wav,474,3,3,3,1,3,3,1,44,1,23,41778,41895
91_475K.wav,475,1,1,1,1,1,1,5,20,2,22,41896,42008
91_476K.wav,476,4,2,1,4,4,2,5,16,2,17,42009,42096
91_477K.wav,477,3,4,1,1,3,1,1,54,2,23,42097,42215
91_478K.wav,478,2,3,2,1,2,2,2,62,2,23,42216,42341
91_479K.wav,479,1,1,1,1,2,3,5,18,2,23,42342,42427
91_480K.wav,480,1,4,1,1,2,1,1,41,1,1,42428,42555
91_481K.wav,481,1,4,1,1,1,1,1,51,2,23,42556,42677
91_482K.wav,482,1,1,1,1,1,2,5,28,1,23,42678,42813
91_483K.wav,483,1,4,1,1,1,1,1,51,1,25,42814,42940
91_484K.wav,484,4,3,1,4,4,4,5,18,2,23,42941,43041
91_485K.wav,485,1,1,1,1,1,1,1,51,2,23,43042,43165
91_486K.wav,486,1,1,1,1,1,2,5,28,1,23,43166,43241
91_487K.wav,487,1,3,1,1,1,3,5,17,1,23,43242,43337
91_488K.wav,488,2,2,2,1,1,1,1,43,1,2,43338,43470
91_489K.wav,489,1,1,1,1,1,1,1,38,2,22,43471,43595
91_491K.wav,491,1,1,1,1,1,1,5,17,1,22,43596,43700
91_492K.wav,492,2,2,2,1,2,2,1,29,2,22,43701,43807
91_493K.wav,493,2,4,2,2,2,2,2,41,2,22,43808,43913
91_494K.wav,494,2,4,2,1,2,2,4,58,2,22,43914,44061
91_496K.wav,496,2,2,2,1,1,1,1,60,2,3,44062,44193
91_497K.wav,497,1,1,1,1,1,1,2,39,2,22,44194,44326
91_498K.wav,498,2,2,2,2,2,2,1,30,1,22,44327,44441
91_500K.wav,500,1,1,1,1,2,2,5,41,1,22,44442,44559
92_007K.wav,007,3,4,3,1,3,3,1,68,2,4,44560,44744
92_008K.wav,008,1,1,1,1,1,1,1,51,2,4,44745,44889
92_012K.wav,012,1,1,1,1,1,1,5,37,1,4,44890,45030
92_013K.wav,013,1,4,1,1,1,1,2,31,1,17,45031,45162
92_018K.wav,018,1,1,1,1,4,1,1,56,1,4,45163,45321
92_026K.wav,026,3,3,3,3,3,3,5,27,1,4,45322,45455
92_030K.wav,030,1,1,1,1,4,1,5,18,1,2,45456,45582
92_031K.wav,031,4,4,4,1,4,4,3,39,1,2,45583,45712
92_036K.wav,036,2,2,2,1,2,2,2,57,2,3,45713,45849
92_041K.wav,041,3,3,3,3,3,3,1,60,2,2,45850,45982
92_044K.wav,044,1,3,1,1,3,1,5,29,1,2,45983,46112
92_046K.wav,046,1,1,1,1,1,1,1,59,2,4,46113,46249
92_050K.wav,050,1,1,1,1,1,2,1,54,1,2,46250,46385
92_053K.wav,053,1,1,1,1,2,1,1,33,1,4,46386,46528
92_055K.wav,055,2,2,2,1,2,2,2,69,1,24,46529,46687
92_075K.wav,075,2,2,2,1,2,2,2,52,1,17,46688,46837
92_079K.wav,079,1,1,1,1,1,2,1,33,1,13,46838,46962
92_084K.wav,084,1,4,1,1,1,1,5,37,1,2,46963,47096
92_085K.wav,085,2,2,2,1,2,2,2,33,1,3,47097,47253
92_114K.wav,114,3,4,3,3,3,3,1,66,2,28,47254,47423
92_120K.wav,120,1,1,1,2,1,2,2,43,2,2,47424,47548
92_129K.wav,129,1,1,1,1,2,1,2,65,2,17,47549,47714
92_132K.wav,132,2,2,1,1,1,1,2,39,2,8,47715,47849
92_133K.wav,133,4,4,1,1,1,1,5,55,1,28,47850,48029
92_140K.wav,140,1,1,1,1,1,1,1,33,2,28,48030,48184
92_142K.wav,142,1,3,1,1,1,2,2,36,1,28,48185,48363
92_152K.wav,152,1,1,1,1,1,1,1,42,1,23,48364,48517
92_156K.wav,156,1,1,1,1,1,2,5,18,1,25,48518,48672
92_162K.wav,162,1,1,1,1,1,1,1,64,2,8,48673,48830
92_165K.wav,165,2,2,2,2,2,2,3,54,2,8,48831,48958
92_185K.wav,185,1,4,1,1,1,1,2,51,1,22,48959,49124
92_187K.wav,187,1,1,1,1,2,1,2,53,2,23,49125,49261
92_192K.wav,192,1,1,1,1,1,1,1,60,1,8,49262,49397
92_193K.wav,193,4,4,4,1,2,2,2,57,2,8,49398,49605
92_194K.wav,194,3,3,3,1,3,3,5,37,2,23,49606,49755
92_196K.wav,196,1,1,1,1,1,2,2,61,2,24,49756,49907
92_199K.wav,199,4,4,4,1,4,2,2,52,1,28,49908,50065
92_200K.wav,200,3,4,3,1,4,4,1,42,2,22,50066,50217
92_203K.wav,203,1,4,1,1,1,4,5,40,2,12,50218,50352
92_204K.wav,204,1,4,1,1,1,2,1,43,2,12,50353,50486
92_209K.wav,209,1,4,1,1,1,1,1,63,1,24,50487,50624
92_213K.wav,213,1,4,1,1,1,1,5,32,1,8,50625,50747
92_223K.wav,223,1,1,1,1,1,2,1,62,1,8,50748,50934
92_227K.wav,227,1,1,1,1,2,1,1,58,2,8,50935,51082
92_240K.wav,240,1,1,1,1,1,2,1,56,1,8,51083,51277
92_250K.wav,250,1,1,1,1,1,2,1,38,2,15,51278,51442
92_252K.wav,252,2,2,2,1,2,2,1,66,2,15,51443,51606
92_262K.wav,262,1,1,1,1,1,1,1,44,1,12,51607,51780
92_263K.wav,263,1,1,1,1,1,1,1,45,2,15,51781,51960
92_267K.wav,267,1,1,1,1,1,1,1,59,2,15,51961,52132
92_272K.wav,272,4,4,4,2,4,4,2,43,2,27,52133,52295
92_282K.wav,282,1,1,1,1,1,3,1,44,1,27,52296,52433
92_283K.wav,283,1,4,1,1,1,1,5,29,2,13,52434,52557
92_284K.wav,284,3,3,3,3,3,3,5,50,2,13,52558,52690
92_289K.wav,289,1,1,1,1,1,1,2,57,2,13,52691,52830
92_292K.wav,292,2,2,1,1,2,2,5,30,1,25,52831,52976
92_293K.wav,293,2,2,1,1,2,2,2,52,2,13,52977,53119
92_295K.wav,295,1,3,1,1,1,1,1,56,2,13,53120,53249
92_298K.wav,298,4,2,2,1,2,2,3,56,1,13,53250,53416
92_315K.wav,315,1,3,1,1,2,2,2,53,1,13,53417,53555
92_317K.wav,317,1,1,1,1,1,1,1,27,1,25,53556,53684
92_338K.wav,338,1,1,1,1,1,1,1,31,2,19,53685,53886
92_343K.wav,343,1,3,1,3,4,1,3,32,2,19,53887,54031
92_351K.wav,351,1,1,1,1,1,1,2,65,2,17,54032,54202
92_365K.wav,365,1,1,1,1,1,1,4,47,2,19,54203,54363
92_367K.wav,367,3,3,3,1,3,3,1,57,2,17,54364,54501
92_390K.wav,390,4,3,4,1,3,3,1,58,2,19,54502,54676
92_391K.wav,391,1,1,1,1,2,2,1,33,2,19,54677,54819
92_392K.wav,392,1,1,1,1,1,2,5,20,1,27,54820,54959
92_397K.wav,397,4,3,4,4,4,4,5,25,1,27,54960,55107
92_398K.wav,398,3,3,1,3,3,3,5,16,1,27,55108,55252
92_399K.wav,399,1,1,1,1,1,2,1,40,2,4,55253,55395
92_401K.wav,401,3,2,3,3,3,3,3,29,2,23,55396,55562
92_427K.wav,427,4,3,2,1,1,1,1,66,2,23,55563,55745
92_435K.wav,435,1,4,1,1,1,1,1,33,1,23,55746,55918
92_436K.wav,436,1,4,1,1,1,1,4,55,2,23,55919,56104
92_442K.wav,442,1,3,1,1,1,1,5,28,1,22,56105,56253
92_445K.wav,445,4,4,1,1,1,1,1,49,2,24,56254,56383
92_450K.wav,450,1,1,1,1,1,2,2,61,1,24,56384,56528
92_455K.wav,455,2,4,2,1,2,1,1,66,1,3,56529,56681
92_468K.wav,468,2,2,2,1,2,1,5,37,2,22,56682,56817
92_473K.wav,473,1,4,1,1,1,1,1,41,1,22,56818,56946
92_478K.wav,478,2,3,2,1,2,2,2,62,2,23,56947,57099
92_479K.wav,479,1,1,1,1,2,3,5,18,2,23,57100,57259
92_480K.wav,480,1,4,1,1,2,1,1,41,1,23,57260,57394
92_481K.wav,481,1,4,1,1,1,1,1,51,2,23,57395,57584
92_498K.wav,498,2,2,2,2,2,2,1,30,1,22,57585,57724
